% -------------------------------------------------------------------
%  Generated by MATLAB on 20-Nov-2017 15:19:54
%  MATLAB version: 8.6.0.267246 (R2015b)
% -------------------------------------------------------------------
                              

A = ...
  [8 7;
   9 6;
   -5 -4];

Aeq = [];

Beq = [];

b = [56 54 -10];

f = [-9 -7];

intcon = [1 2];

lb = [1 1];

ub = [];

x = [4; 3];

z = -57;

