% -------------------------------------------------------------------
%  Generated by MATLAB on 20-Nov-2017 15:32:34
%  MATLAB version: 8.6.0.267246 (R2015b)
% -------------------------------------------------------------------
                              

A = ...
  [8 7;
   9 6;
   -5 -4];

Aeq = [];

Beq = [];

b = [56 54 -10];

f = [3 2];

intcon = [1 2];

lb = [1 1];

ub = [];

x = [1; 2];

z = 7;

